18748,2020-04-23 06:36:22,fanquake,[0.20] rc2 Backports,Backport,2020-05-11 12:59:07,2020-05-11 12:59:07,laanwj
